0 0.280279 0.682307 0.164880 0.497105
2 0.082572 0.550412 0.165145 0.642618
2 0.633200 0.562953 0.096158 0.536779
0 0.533728 0.660445 0.183574 0.480451
2 0.395065 0.567731 0.110231 0.520192
2 0.940257 0.566216 0.116236 0.541452
2 0.791203 0.544992 0.149039 0.491955
2 0.860728 0.390069 0.071462 0.204909
2 0.274049 0.540933 0.170267 0.534073
2 0.193384 0.537751 0.091649 0.542254
0 0.799908 0.689877 0.247934 0.461792
2 0.476318 0.539224 0.098397 0.480612
2 0.529042 0.538471 0.184728 0.489349
2 0.742748 0.191779 0.163752 0.382536
2 0.490106 0.358379 0.062410 0.133501