0 0.292222 0.596579 0.175311 0.453320
2 0.719470 0.535343 0.131857 0.315778
2 0.501769 0.507828 0.157325 0.387333
2 0.301816 0.504808 0.156112 0.449480
0 0.518924 0.606146 0.201242 0.368848
0 0.837277 0.614049 0.086709 0.210901
0 0.717269 0.618236 0.116069 0.274241
2 0.933267 0.519709 0.098319 0.231424
2 0.834901 0.540108 0.097888 0.274218
0 0.936283 0.595445 0.083781 0.203870
2 0.874107 0.512976 0.052979 0.216541
2 0.667461 0.419917 0.042081 0.089030
2 0.540333 0.382124 0.032214 0.071175
2 0.584258 0.479488 0.075250 0.264842