0 0.927881 0.541085 0.115446 0.310920
0 0.709788 0.556201 0.111525 0.291767
0 0.593994 0.555000 0.123053 0.291950
0 0.225342 0.550913 0.121605 0.303859
0 0.359641 0.524673 0.119427 0.360193
0 0.826545 0.544818 0.107701 0.311693
2 0.109440 0.512341 0.088966 0.352973
0 0.073364 0.549497 0.105953 0.306925
0 0.473569 0.544554 0.122284 0.319059
2 0.352259 0.468574 0.139072 0.335123
2 0.226870 0.469704 0.120555 0.444486
2 0.709361 0.480633 0.111527 0.321746
2 0.475099 0.481585 0.127853 0.347356
2 0.927169 0.501852 0.112431 0.364317
2 0.590360 0.480786 0.119580 0.307807
2 0.818095 0.471560 0.088034 0.308157
2 0.246846 0.490581 0.086811 0.402387
2 0.726112 0.335125 0.130911 0.217521
2 0.134660 0.495742 0.043719 0.362370
2 0.918253 0.447698 0.091008 0.255522
2 0.920444 0.322262 0.068357 0.123924
2 0.269329 0.496797 0.054317 0.353652
2 0.810372 0.338292 0.069515 0.148984