2 0.203661 0.634377 0.123790 0.567390
2 0.101995 0.633900 0.091111 0.590877
2 0.320368 0.630373 0.113829 0.575413
2 0.606446 0.629978 0.112224 0.617326
2 0.676044 0.609753 0.085805 0.552522
2 0.529106 0.635011 0.085619 0.591684
2 0.910510 0.667727 0.111640 0.623895
2 0.767019 0.628452 0.128782 0.586450
2 0.885348 0.666963 0.156576 0.628885
2 0.432658 0.649700 0.124756 0.587306
2 0.405371 0.634851 0.092943 0.600542
2 0.400192 0.551246 0.085169 0.445807
2 0.849574 0.713923 0.115238 0.484477
2 0.399951 0.486336 0.085176 0.312616