2 0.934342 0.634512 0.130780 0.708357
2 0.842226 0.528515 0.151487 0.591785
2 0.506904 0.535170 0.128358 0.573840
2 0.305400 0.437652 0.075557 0.418281
2 0.638663 0.524365 0.150199 0.588196
2 0.412554 0.495626 0.104972 0.503227
2 0.356945 0.438619 0.071070 0.345618
2 0.719097 0.446931 0.088966 0.428309
2 0.567410 0.306626 0.056470 0.138014
2 0.460282 0.290265 0.049866 0.131635
2 0.164107 0.400264 0.061598 0.270528
2 0.249234 0.411464 0.058032 0.309796
2 0.092521 0.378230 0.058124 0.199648
2 0.023163 0.363116 0.046078 0.168454
2 0.759627 0.301974 0.038938 0.113450
2 0.212009 0.402815 0.054427 0.286532
2 0.063489 0.369100 0.033097 0.197541
0 0.020969 0.417221 0.041374 0.141363