2 0.930750 0.467895 0.136271 0.662258
2 0.750462 0.504149 0.077762 0.367455
2 0.686772 0.512882 0.040699 0.197921
2 0.157876 0.545785 0.081748 0.356431
0 0.557146 0.594956 0.113867 0.276631
0 0.334862 0.610621 0.111228 0.285424
2 0.016995 0.570895 0.033784 0.434932
2 0.085467 0.570890 0.135515 0.411787
2 0.340878 0.515383 0.120004 0.375815
2 0.653120 0.509714 0.036180 0.169224
2 0.424837 0.528242 0.055432 0.230067
2 0.981260 0.467272 0.037011 0.663818
2 0.981695 0.346310 0.036070 0.648097
2 0.554160 0.487203 0.117892 0.311727
2 0.551981 0.484494 0.112056 0.223755
2 0.555531 0.543739 0.115955 0.340943
2 0.553669 0.389707 0.093872 0.134283