2 0.501642 0.392287 0.144764 0.571555
2 0.815040 0.271983 0.110326 0.413884
2 0.742096 0.263239 0.078239 0.425182
2 0.129242 0.252838 0.061380 0.270834
2 0.218989 0.378241 0.121840 0.553404
2 0.671044 0.244516 0.073349 0.322126
2 0.339458 0.474782 0.166580 0.775804
2 0.179030 0.210025 0.048304 0.245397
2 0.854165 0.225716 0.065713 0.334506
2 0.340310 0.360795 0.167168 0.547470
2 0.385208 0.114655 0.041756 0.108254
2 0.612971 0.214413 0.047699 0.260047
2 0.422781 0.206389 0.074859 0.216611
2 0.568216 0.270353 0.072887 0.381705
2 0.422377 0.304076 0.076297 0.414641
2 0.560644 0.167912 0.058671 0.167886
2 0.218771 0.228726 0.111507 0.237623
2 0.612763 0.151850 0.045526 0.139085