2 0.601836 0.592503 0.269974 0.814993
2 0.790869 0.592884 0.159346 0.814232
2 0.358758 0.633486 0.184100 0.728451
2 0.543467 0.456153 0.065828 0.252678
2 0.928457 0.532011 0.107175 0.479074
2 0.496752 0.460612 0.066649 0.227553
0 0.081841 0.530816 0.121143 0.225281
0 0.320401 0.747290 0.557362 0.505421
2 0.273074 0.558398 0.187277 0.508742
2 0.218087 0.462158 0.069393 0.162082
2 0.700210 0.235442 0.118595 0.429287
2 0.269138 0.649040 0.196507 0.698602
0 0.933168 0.625230 0.132320 0.286635
2 0.259337 0.409356 0.039897 0.151708
2 0.988715 0.420084 0.021715 0.117684
0 0.556526 0.766610 0.754809 0.466779
2 0.702113 0.404717 0.124386 0.775524