2 0.526598 0.570651 0.158513 0.628027
2 0.705007 0.576416 0.233142 0.688824
2 0.315847 0.589529 0.295958 0.684116
2 0.926861 0.516710 0.145875 0.819773
2 0.066543 0.605906 0.127450 0.638640
0 0.273827 0.768431 0.369132 0.325402
2 0.883291 0.374878 0.112732 0.309420
2 0.027544 0.606909 0.055088 0.638089
2 0.821728 0.373753 0.063470 0.222698
2 0.595463 0.361023 0.038720 0.144774
2 0.623399 0.340729 0.029989 0.110195
2 0.211778 0.499790 0.125575 0.399477
2 0.404881 0.363953 0.038659 0.142023
2 0.978690 0.733832 0.042175 0.372011