2 0.502719 0.580436 0.244946 0.708739
0 0.089243 0.536875 0.159384 0.350521
0 0.263203 0.597865 0.191155 0.478528
2 0.332073 0.430436 0.084452 0.403345
2 0.258818 0.446614 0.167353 0.368824
0 0.874628 0.494419 0.147264 0.334379
0 0.643776 0.649355 0.310500 0.690159
0 0.944607 0.447806 0.109933 0.262760
0 0.722929 0.554264 0.236845 0.518245
2 0.726939 0.320254 0.110038 0.137816
2 0.877390 0.328722 0.078941 0.153023
2 0.118041 0.435047 0.091988 0.356805
2 0.727284 0.351183 0.112245 0.197391
2 0.909830 0.291791 0.038852 0.077176
0 0.917294 0.448124 0.164424 0.269962
2 0.115191 0.340443 0.085897 0.161259