2 0.030387 0.490129 0.060775 0.288567
2 0.692126 0.388019 0.045621 0.210543
2 0.741827 0.512339 0.080877 0.236217
2 0.165297 0.674197 0.107167 0.320984
2 0.035579 0.054395 0.044050 0.108790
0 0.665487 0.177726 0.079368 0.123597
2 0.239273 0.034250 0.044886 0.068500
2 0.402359 0.028701 0.043967 0.057286
2 0.474065 0.440764 0.086244 0.195334
2 0.678888 0.583130 0.061259 0.226777
2 0.489535 0.618729 0.098057 0.204283
2 0.142788 0.333723 0.035854 0.218736
2 0.673796 0.124766 0.055232 0.103660
2 0.317201 0.703700 0.061501 0.235596
2 0.895563 0.323785 0.041997 0.132714
2 0.638849 0.421517 0.073469 0.161521
2 0.310135 0.020706 0.038220 0.041413
2 0.306846 0.744261 0.113814 0.327431