2 0.134340 0.475448 0.118922 0.547262
2 0.920495 0.411733 0.158608 0.657856
2 0.273438 0.446660 0.208188 0.431051
0 0.271081 0.618944 0.206449 0.436928
0 0.773550 0.565898 0.216538 0.496046
0 0.458361 0.648422 0.227273 0.521780
2 0.621420 0.376129 0.075765 0.332549
2 0.457784 0.472988 0.203463 0.572877
2 0.047887 0.486346 0.095773 0.574368
2 0.797263 0.301950 0.151644 0.232119
2 0.223201 0.301118 0.070281 0.176961
2 0.016849 0.504373 0.033456 0.494791
2 0.771378 0.430179 0.206536 0.494689
2 0.090806 0.274560 0.045616 0.128685
2 0.503362 0.260765 0.036679 0.073373
2 0.547579 0.363595 0.071139 0.321122