2 0.531789 0.512901 0.170402 0.953711
2 0.332468 0.510425 0.290250 0.948214
2 0.035467 0.230414 0.070871 0.336152
2 0.631504 0.285425 0.050155 0.321943
0 0.793741 0.646753 0.307566 0.683034
0 0.103931 0.516374 0.206983 0.482225
0 0.274646 0.651814 0.250412 0.676661
2 0.189096 0.219537 0.110457 0.330974
2 0.807371 0.509293 0.306511 0.954774
2 0.444361 0.151861 0.038550 0.169306
2 0.077613 0.217861 0.059478 0.299777
2 0.818021 0.363575 0.289524 0.661077
2 0.593059 0.199569 0.034973 0.138795
0 0.037713 0.684422 0.075426 0.439884
2 0.605525 0.136372 0.043782 0.138493
2 0.252162 0.193573 0.048959 0.114101