0 0.708736 0.640428 0.282538 0.426852
2 0.289457 0.629654 0.183695 0.706818
0 0.264969 0.709294 0.529340 0.559428
2 0.730504 0.548535 0.127096 0.597434
2 0.525787 0.493062 0.094527 0.476601
2 0.130318 0.309343 0.045871 0.240036
2 0.666455 0.313286 0.079917 0.152798
2 0.963238 0.484408 0.073019 0.416240
2 0.173760 0.544465 0.178156 0.609022
0 0.922208 0.547173 0.154926 0.312284
2 0.804028 0.342606 0.054519 0.193207
2 0.934866 0.480934 0.129502 0.407589
2 0.274541 0.267760 0.040899 0.096764
2 0.899713 0.343898 0.078824 0.140839
2 0.208985 0.524058 0.110034 0.568660
2 0.659382 0.325194 0.097561 0.180584
0 0.610062 0.512001 0.140721 0.334057