2 0.055691 0.252376 0.111056 0.386399
2 0.597480 0.512465 0.310967 0.856549
0 0.487330 0.576686 0.720190 0.731726
2 0.444419 0.440449 0.294477 0.736728
2 0.138922 0.190448 0.073796 0.272167
2 0.176434 0.172256 0.042089 0.198160
2 0.889984 0.292581 0.120234 0.343052
2 0.890528 0.238768 0.123196 0.231787
2 0.726112 0.173104 0.032076 0.102639
0 0.217996 0.362498 0.248372 0.578677
0 0.873861 0.373710 0.134124 0.237486
2 0.096012 0.184460 0.055670 0.261064
2 0.688938 0.198547 0.052503 0.139898
0 0.458558 0.498028 0.770685 0.538534
2 0.820744 0.308540 0.176313 0.347965
0 0.215439 0.459944 0.244151 0.384863
2 0.824188 0.197223 0.036154 0.127932
2 0.466609 0.184418 0.039743 0.213542
0 0.825063 0.393530 0.082314 0.217594
2 0.252624 0.104080 0.043001 0.116407
2 0.627744 0.235577 0.055621 0.168308