0 0.566690 0.593453 0.345699 0.798284
2 0.697235 0.149907 0.078522 0.247844
2 0.765121 0.293423 0.151201 0.583381
2 0.131877 0.197601 0.069106 0.366450
2 0.352664 0.231071 0.069179 0.358639
2 0.291093 0.227616 0.071629 0.328956
2 0.189427 0.201924 0.057583 0.328772
2 0.399630 0.186621 0.043458 0.279563
2 0.235941 0.206690 0.060547 0.333706
2 0.639745 0.157131 0.048337 0.182836
2 0.085638 0.186243 0.046978 0.313405
2 0.438825 0.176835 0.048541 0.200309
2 0.536571 0.356076 0.189080 0.712019
2 0.051795 0.163691 0.047125 0.232264