2 0.598914 0.496132 0.288991 0.986548
2 0.052803 0.322909 0.105605 0.441761
2 0.379865 0.299683 0.139951 0.400597
0 0.867774 0.462571 0.196016 0.400667
0 0.858322 0.766764 0.282337 0.455169
0 0.336299 0.638062 0.420053 0.710277
0 0.220238 0.314785 0.063465 0.140929
0 0.123711 0.324268 0.079280 0.182213
0 0.974865 0.414634 0.049798 0.339304
2 0.862622 0.232378 0.083362 0.147164
2 0.874979 0.215787 0.057892 0.119925
0 0.158803 0.323146 0.108199 0.142414
2 0.765280 0.277836 0.044374 0.157225
0 0.170530 0.309071 0.159442 0.164744