2 0.866095 0.645171 0.112219 0.388117
2 0.485897 0.701283 0.118086 0.316608
2 0.244436 0.637758 0.079657 0.252789
2 0.640990 0.580450 0.035586 0.150176
2 0.792621 0.596367 0.051880 0.196489
2 0.717131 0.584802 0.050348 0.170094
2 0.362539 0.589456 0.040923 0.153396
2 0.319166 0.669893 0.072773 0.177657
2 0.680261 0.573296 0.036720 0.144511
2 0.033150 0.675881 0.066300 0.348896
2 0.062508 0.612292 0.064117 0.230124
2 0.178716 0.599458 0.029657 0.120583
2 0.986922 0.562682 0.025307 0.154332
2 0.314648 0.576622 0.060178 0.155231
2 0.033911 0.624719 0.067821 0.245923
2 0.172858 0.588897 0.030868 0.143402
2 0.565548 0.560224 0.023133 0.084901