0 0.205606 0.622298 0.411177 0.493859
2 0.383464 0.516324 0.147079 0.448411
0 0.514648 0.649939 0.193475 0.319084
2 0.289599 0.590961 0.113550 0.580959
2 0.603096 0.576081 0.185314 0.441681
0 0.677509 0.661443 0.128136 0.269483
2 0.478590 0.498860 0.032273 0.101150
2 0.709520 0.636428 0.072981 0.265377
2 0.059486 0.435511 0.118972 0.400334
2 0.544842 0.440413 0.136112 0.157775
2 0.267551 0.589849 0.166449 0.568267
2 0.845129 0.679176 0.020029 0.092285
0 0.754050 0.655500 0.065816 0.219578
2 0.558209 0.580843 0.275310 0.445341