0 0.669720 0.551115 0.228311 0.439786
0 0.186948 0.681930 0.373580 0.611336
2 0.032720 0.323388 0.065440 0.278992
0 0.913764 0.461446 0.128222 0.318326
2 0.398977 0.518737 0.143850 0.624460
2 0.778913 0.429996 0.105743 0.400950
2 0.605012 0.432029 0.105968 0.430243
2 0.283066 0.335296 0.063265 0.268141
2 0.498723 0.307317 0.045598 0.178067
0 0.836240 0.502674 0.169112 0.319454
0 0.452295 0.622736 0.305019 0.482520
2 0.231352 0.300339 0.048545 0.211917
2 0.371592 0.274306 0.059978 0.160763
2 0.330429 0.300480 0.038161 0.170475
2 0.139869 0.301615 0.156433 0.286157