0 0.208552 0.701066 0.416049 0.554597
0 0.717680 0.550725 0.237605 0.304972
2 0.432010 0.504077 0.176150 0.406555
0 0.896479 0.497060 0.156367 0.224553
0 0.493166 0.610711 0.442810 0.392990
0 0.836302 0.530587 0.205583 0.276261
2 0.641716 0.386835 0.124269 0.193956
2 0.126077 0.547594 0.251301 0.486018
2 0.713708 0.345403 0.084626 0.172036
2 0.366307 0.319223 0.015458 0.042301
2 0.782485 0.349753 0.095881 0.130575
2 0.173104 0.308160 0.016748 0.044266
2 0.584921 0.341193 0.026196 0.067735
2 0.439655 0.379221 0.153608 0.154208
2 0.205549 0.308438 0.015598 0.035796
2 0.631429 0.325692 0.017832 0.037543