2 0.303812 0.552641 0.377642 0.894719
2 0.186657 0.155653 0.097540 0.263002
2 0.542654 0.119644 0.043525 0.072230
2 0.393761 0.122466 0.056563 0.079702
2 0.519203 0.137780 0.034420 0.039351
2 0.440318 0.136671 0.037849 0.045075
2 0.574787 0.122058 0.050103 0.065286
2 0.130308 0.149846 0.075723 0.138782
2 0.031742 0.156476 0.063381 0.106873
2 0.651039 0.133372 0.032789 0.043480
2 0.462660 0.136698 0.027595 0.041937
2 0.355791 0.148110 0.042946 0.055507
2 0.493096 0.121078 0.033792 0.068925
2 0.081007 0.162069 0.067641 0.116546