0 0.513186 0.582145 0.191862 0.496566
2 0.809655 0.595567 0.236703 0.652900
0 0.796351 0.712595 0.344484 0.511487
2 0.338388 0.325548 0.052014 0.219621
2 0.920289 0.476350 0.155078 0.539879
2 0.073751 0.636787 0.147501 0.716215
0 0.656879 0.572204 0.110041 0.332579
2 0.921336 0.584136 0.157328 0.690029
2 0.095510 0.393717 0.104528 0.218789
2 0.665701 0.367895 0.088292 0.194180
2 0.527059 0.481192 0.117707 0.436343
2 0.407419 0.309423 0.055661 0.162978
2 0.119277 0.632223 0.150208 0.691346
2 0.780447 0.318298 0.036207 0.133012
2 0.077222 0.503489 0.154445 0.979386
0 0.180926 0.414468 0.085677 0.183415
2 0.712648 0.303904 0.033322 0.112994