2 0.103661 0.580364 0.207321 0.757462
2 0.325773 0.594369 0.214550 0.762070
2 0.894163 0.594693 0.206655 0.749302
2 0.596529 0.616877 0.234669 0.718992
0 0.327700 0.794469 0.115042 0.363337
0 0.106774 0.761164 0.169250 0.420946
2 0.354774 0.097724 0.038235 0.188235
2 0.678265 0.261495 0.084569 0.308704
0 0.902745 0.792594 0.190266 0.366383
2 0.719966 0.247286 0.085945 0.327441
0 0.483507 0.359245 0.181992 0.277195
0 0.703867 0.349296 0.147208 0.242173
2 0.885701 0.112087 0.023427 0.107604
2 0.952059 0.232938 0.052888 0.241669
0 0.638503 0.352948 0.273384 0.222358
0 0.598775 0.828427 0.137712 0.301957
2 0.478389 0.096753 0.030897 0.149500
2 0.934779 0.103431 0.022518 0.112557
2 0.588872 0.372816 0.175837 0.288107
0 0.578342 0.787777 0.194793 0.386980
2 0.433520 0.214869 0.095127 0.233604
2 0.535740 0.244168 0.077971 0.262730